[[ 1  2  3  4]
 [12 13 14  5]
 [11  0 15  6]
 [10  9  8  7]]
[[ 1  2  3  4]
 [12 13 14  5]
 [11 15  0  6]
 [10  9  8  7]]
[[ 1  2  3  4]
 [12 13 14  5]
 [11 15  8  6]
 [10  9  0  7]]
[[ 1  2  3  4]
 [12 13 14  5]
 [11 15  8  6]
 [10  9  7  0]]
[[ 1  2  3  4]
 [12 13 14  5]
 [11 15  8  0]
 [10  9  7  6]]
[[ 1  2  3  4]
 [12 13 14  5]
 [11 15  0  8]
 [10  9  7  6]]
[[ 1  2  3  4]
 [12 13  0  5]
 [11 15 14  8]
 [10  9  7  6]]
[[ 1  2  0  4]
 [12 13  3  5]
 [11 15 14  8]
 [10  9  7  6]]
[[ 1  0  2  4]
 [12 13  3  5]
 [11 15 14  8]
 [10  9  7  6]]
[[ 0  1  2  4]
 [12 13  3  5]
 [11 15 14  8]
 [10  9  7  6]]
